0.000000
0.541862
1.077282
1.655991
2.198620
2.731284
3.289254
3.846836
4.420121
4.977448
5.648390
6.136949
6.593728
7.129460
7.790145
8.250042
8.949384
9.400384
10.013642
10.694592
11.210870
11.858440
12.630183
13.090490
13.701487
14.427609
15.657817
15.793525
16.475673
17.150583
17.975963
18.651849
19.341211
20.122946
21.037216
21.504812
22.203817
24.167862
24.712090
25.285689
25.955172
26.629343
27.221935
27.919530
29.187955
29.171986
29.821469
30.502618
31.193775
31.860668
32.505952

15.378744